114                              27
70                               18
214                              13
61                                9
195                               9
120                               8
176                               8
89                                7
31                                6
88                                6
152                               6
166                               6
171                               6
5                                 5
16                                5
103                               5
63                                4
73                                4
81                                4
93                                4
101                               4
158                               4
184                               4
185                               4
3                                 3
38                                3
68                                3
79                                3
102                               3
155                               3
