166                              32
89                               26
160                              21
29                               20
43                               20
132                              18
195                              18
216                              18
54                               17
167                              16
120                              15
178                              14
156                              13
16                               12
41                               12
153                              12
165                              12
6                                11
101                              11
114                              11
154                              11
218                              11
71                               10
111                              10
115                              10
27                                9
60                                9
70                                9
77                                9
108                               9
